Wins: 427
Loss: 825
Bigwin: 37.754538996851544
Bigloss: -13.681746015427072