Wins: 8
Loss: 8
Bigwin: 498.28522837746436
Bigloss: -150.4207008993552