Wins: 239
Loss: 215
Bigwin: 32.018245544575095
Bigloss: -61.62531150455995