Wins: 7
Loss: 9
Bigwin: 391.119644620328
Bigloss: -115.96414576736314