Wins: 412
Loss: 666
Bigwin: 37.19480302610187
Bigloss: -13.918463546862169