Wins: 565
Loss: 896
Bigwin: 41.93972853510764
Bigloss: -14.552619993382336