Wins: 399
Loss: 827
Bigwin: 417.38685142215013
Bigloss: -41.14797233938311