Wins: 394
Loss: 769
Bigwin: 214.7282428838025
Bigloss: -27.681580349972133