Wins: 345
Loss: 406
Bigwin: 322.97800162798717
Bigloss: -87.60504695680883