Wins: 1119
Loss: 959
Bigwin: 11.481359401741463
Bigloss: -11.103246659758597