Wins: 393
Loss: 758
Bigwin: 308.1724122284068
Bigloss: -39.72788710128673