Wins: 7
Loss: 8
Bigwin: 203.6123190814708
Bigloss: -72.04449466805946