Wins: 287
Loss: 710
Bigwin: 116.37034469703086
Bigloss: -22.3836135918419