Wins: 394
Loss: 762
Bigwin: 305.91517436254315
Bigloss: -39.436896449504026