Wins: 8
Loss: 7
Bigwin: 280.65125497650104
Bigloss: -88.19210660772376