Wins: 11
Loss: 3
Bigwin: 438.8528627884435
Bigloss: -177.65671657233415