Wins: 368
Loss: 584
Bigwin: 691.906985951131
Bigloss: -121.61950955047142